{
 "cells": [
  {
   "cell_type": "code",
   "execution_count": 1,
   "id": "5aaa7060",
   "metadata": {},
   "outputs": [],
   "source": [
    "import numpy as np\n",
    "import pandas as pd\n",
    "import matplotlib.pyplot as plt\n",
    "import seaborn as sns"
   ]
  },
  {
   "cell_type": "code",
   "execution_count": 2,
   "id": "2692d40e",
   "metadata": {},
   "outputs": [],
   "source": [
    "df = pd.read_csv('../Datasets/cancer_tumor_data_features.csv')"
   ]
  },
  {
   "cell_type": "code",
   "execution_count": 3,
   "id": "e04499f9",
   "metadata": {},
   "outputs": [],
   "source": [
    "from sklearn.preprocessing import StandardScaler"
   ]
  },
  {
   "cell_type": "code",
   "execution_count": 4,
   "id": "430f4e73",
   "metadata": {},
   "outputs": [],
   "source": [
    "sclar = StandardScaler()"
   ]
  },
  {
   "cell_type": "code",
   "execution_count": 5,
   "id": "1aa38c45",
   "metadata": {},
   "outputs": [],
   "source": [
    "X_sclar = sclar.fit_transform(df)"
   ]
  },
  {
   "cell_type": "code",
   "execution_count": 6,
   "id": "34be6ff6",
   "metadata": {},
   "outputs": [
    {
     "data": {
      "text/plain": [
       "array([[ 1.09706398, -2.07333501,  1.26993369, ...,  2.29607613,\n",
       "         2.75062224,  1.93701461],\n",
       "       [ 1.82982061, -0.35363241,  1.68595471, ...,  1.0870843 ,\n",
       "        -0.24388967,  0.28118999],\n",
       "       [ 1.57988811,  0.45618695,  1.56650313, ...,  1.95500035,\n",
       "         1.152255  ,  0.20139121],\n",
       "       ...,\n",
       "       [ 0.70228425,  2.0455738 ,  0.67267578, ...,  0.41406869,\n",
       "        -1.10454895, -0.31840916],\n",
       "       [ 1.83834103,  2.33645719,  1.98252415, ...,  2.28998549,\n",
       "         1.91908301,  2.21963528],\n",
       "       [-1.80840125,  1.22179204, -1.81438851, ..., -1.74506282,\n",
       "        -0.04813821, -0.75120669]])"
      ]
     },
     "execution_count": 6,
     "metadata": {},
     "output_type": "execute_result"
    }
   ],
   "source": [
    "X_sclar"
   ]
  },
  {
   "cell_type": "markdown",
   "id": "76357866",
   "metadata": {},
   "source": [
    "## Priciple Components Analysis"
   ]
  },
  {
   "cell_type": "code",
   "execution_count": 7,
   "id": "616954b6",
   "metadata": {},
   "outputs": [],
   "source": [
    "from sklearn.decomposition import PCA"
   ]
  },
  {
   "cell_type": "code",
   "execution_count": 9,
   "id": "a5399d7f",
   "metadata": {},
   "outputs": [
    {
     "name": "stdout",
     "output_type": "stream",
     "text": [
      "Help on class PCA in module sklearn.decomposition._pca:\n",
      "\n",
      "class PCA(sklearn.decomposition._base._BasePCA)\n",
      " |  PCA(n_components=None, *, copy=True, whiten=False, svd_solver='auto', tol=0.0, iterated_power='auto', random_state=None)\n",
      " |  \n",
      " |  Principal component analysis (PCA).\n",
      " |  \n",
      " |  Linear dimensionality reduction using Singular Value Decomposition of the\n",
      " |  data to project it to a lower dimensional space. The input data is centered\n",
      " |  but not scaled for each feature before applying the SVD.\n",
      " |  \n",
      " |  It uses the LAPACK implementation of the full SVD or a randomized truncated\n",
      " |  SVD by the method of Halko et al. 2009, depending on the shape of the input\n",
      " |  data and the number of components to extract.\n",
      " |  \n",
      " |  It can also use the scipy.sparse.linalg ARPACK implementation of the\n",
      " |  truncated SVD.\n",
      " |  \n",
      " |  Notice that this class does not support sparse input. See\n",
      " |  :class:`TruncatedSVD` for an alternative with sparse data.\n",
      " |  \n",
      " |  Read more in the :ref:`User Guide <PCA>`.\n",
      " |  \n",
      " |  Parameters\n",
      " |  ----------\n",
      " |  n_components : int, float or 'mle', default=None\n",
      " |      Number of components to keep.\n",
      " |      if n_components is not set all components are kept::\n",
      " |  \n",
      " |          n_components == min(n_samples, n_features)\n",
      " |  \n",
      " |      If ``n_components == 'mle'`` and ``svd_solver == 'full'``, Minka's\n",
      " |      MLE is used to guess the dimension. Use of ``n_components == 'mle'``\n",
      " |      will interpret ``svd_solver == 'auto'`` as ``svd_solver == 'full'``.\n",
      " |  \n",
      " |      If ``0 < n_components < 1`` and ``svd_solver == 'full'``, select the\n",
      " |      number of components such that the amount of variance that needs to be\n",
      " |      explained is greater than the percentage specified by n_components.\n",
      " |  \n",
      " |      If ``svd_solver == 'arpack'``, the number of components must be\n",
      " |      strictly less than the minimum of n_features and n_samples.\n",
      " |  \n",
      " |      Hence, the None case results in::\n",
      " |  \n",
      " |          n_components == min(n_samples, n_features) - 1\n",
      " |  \n",
      " |  copy : bool, default=True\n",
      " |      If False, data passed to fit are overwritten and running\n",
      " |      fit(X).transform(X) will not yield the expected results,\n",
      " |      use fit_transform(X) instead.\n",
      " |  \n",
      " |  whiten : bool, default=False\n",
      " |      When True (False by default) the `components_` vectors are multiplied\n",
      " |      by the square root of n_samples and then divided by the singular values\n",
      " |      to ensure uncorrelated outputs with unit component-wise variances.\n",
      " |  \n",
      " |      Whitening will remove some information from the transformed signal\n",
      " |      (the relative variance scales of the components) but can sometime\n",
      " |      improve the predictive accuracy of the downstream estimators by\n",
      " |      making their data respect some hard-wired assumptions.\n",
      " |  \n",
      " |  svd_solver : {'auto', 'full', 'arpack', 'randomized'}, default='auto'\n",
      " |      If auto :\n",
      " |          The solver is selected by a default policy based on `X.shape` and\n",
      " |          `n_components`: if the input data is larger than 500x500 and the\n",
      " |          number of components to extract is lower than 80% of the smallest\n",
      " |          dimension of the data, then the more efficient 'randomized'\n",
      " |          method is enabled. Otherwise the exact full SVD is computed and\n",
      " |          optionally truncated afterwards.\n",
      " |      If full :\n",
      " |          run exact full SVD calling the standard LAPACK solver via\n",
      " |          `scipy.linalg.svd` and select the components by postprocessing\n",
      " |      If arpack :\n",
      " |          run SVD truncated to n_components calling ARPACK solver via\n",
      " |          `scipy.sparse.linalg.svds`. It requires strictly\n",
      " |          0 < n_components < min(X.shape)\n",
      " |      If randomized :\n",
      " |          run randomized SVD by the method of Halko et al.\n",
      " |  \n",
      " |      .. versionadded:: 0.18.0\n",
      " |  \n",
      " |  tol : float, default=0.0\n",
      " |      Tolerance for singular values computed by svd_solver == 'arpack'.\n",
      " |      Must be of range [0.0, infinity).\n",
      " |  \n",
      " |      .. versionadded:: 0.18.0\n",
      " |  \n",
      " |  iterated_power : int or 'auto', default='auto'\n",
      " |      Number of iterations for the power method computed by\n",
      " |      svd_solver == 'randomized'.\n",
      " |      Must be of range [0, infinity).\n",
      " |  \n",
      " |      .. versionadded:: 0.18.0\n",
      " |  \n",
      " |  random_state : int, RandomState instance or None, default=None\n",
      " |      Used when the 'arpack' or 'randomized' solvers are used. Pass an int\n",
      " |      for reproducible results across multiple function calls.\n",
      " |      See :term:`Glossary <random_state>`.\n",
      " |  \n",
      " |      .. versionadded:: 0.18.0\n",
      " |  \n",
      " |  Attributes\n",
      " |  ----------\n",
      " |  components_ : ndarray of shape (n_components, n_features)\n",
      " |      Principal axes in feature space, representing the directions of\n",
      " |      maximum variance in the data. Equivalently, the right singular\n",
      " |      vectors of the centered input data, parallel to its eigenvectors.\n",
      " |      The components are sorted by ``explained_variance_``.\n",
      " |  \n",
      " |  explained_variance_ : ndarray of shape (n_components,)\n",
      " |      The amount of variance explained by each of the selected components.\n",
      " |      The variance estimation uses `n_samples - 1` degrees of freedom.\n",
      " |  \n",
      " |      Equal to n_components largest eigenvalues\n",
      " |      of the covariance matrix of X.\n",
      " |  \n",
      " |      .. versionadded:: 0.18\n",
      " |  \n",
      " |  explained_variance_ratio_ : ndarray of shape (n_components,)\n",
      " |      Percentage of variance explained by each of the selected components.\n",
      " |  \n",
      " |      If ``n_components`` is not set then all components are stored and the\n",
      " |      sum of the ratios is equal to 1.0.\n",
      " |  \n",
      " |  singular_values_ : ndarray of shape (n_components,)\n",
      " |      The singular values corresponding to each of the selected components.\n",
      " |      The singular values are equal to the 2-norms of the ``n_components``\n",
      " |      variables in the lower-dimensional space.\n",
      " |  \n",
      " |      .. versionadded:: 0.19\n",
      " |  \n",
      " |  mean_ : ndarray of shape (n_features,)\n",
      " |      Per-feature empirical mean, estimated from the training set.\n",
      " |  \n",
      " |      Equal to `X.mean(axis=0)`.\n",
      " |  \n",
      " |  n_components_ : int\n",
      " |      The estimated number of components. When n_components is set\n",
      " |      to 'mle' or a number between 0 and 1 (with svd_solver == 'full') this\n",
      " |      number is estimated from input data. Otherwise it equals the parameter\n",
      " |      n_components, or the lesser value of n_features and n_samples\n",
      " |      if n_components is None.\n",
      " |  \n",
      " |  n_features_ : int\n",
      " |      Number of features in the training data.\n",
      " |  \n",
      " |  n_samples_ : int\n",
      " |      Number of samples in the training data.\n",
      " |  \n",
      " |  noise_variance_ : float\n",
      " |      The estimated noise covariance following the Probabilistic PCA model\n",
      " |      from Tipping and Bishop 1999. See \"Pattern Recognition and\n",
      " |      Machine Learning\" by C. Bishop, 12.2.1 p. 574 or\n",
      " |      http://www.miketipping.com/papers/met-mppca.pdf. It is required to\n",
      " |      compute the estimated data covariance and score samples.\n",
      " |  \n",
      " |      Equal to the average of (min(n_features, n_samples) - n_components)\n",
      " |      smallest eigenvalues of the covariance matrix of X.\n",
      " |  \n",
      " |  n_features_in_ : int\n",
      " |      Number of features seen during :term:`fit`.\n",
      " |  \n",
      " |      .. versionadded:: 0.24\n",
      " |  \n",
      " |  feature_names_in_ : ndarray of shape (`n_features_in_`,)\n",
      " |      Names of features seen during :term:`fit`. Defined only when `X`\n",
      " |      has feature names that are all strings.\n",
      " |  \n",
      " |      .. versionadded:: 1.0\n",
      " |  \n",
      " |  See Also\n",
      " |  --------\n",
      " |  KernelPCA : Kernel Principal Component Analysis.\n",
      " |  SparsePCA : Sparse Principal Component Analysis.\n",
      " |  TruncatedSVD : Dimensionality reduction using truncated SVD.\n",
      " |  IncrementalPCA : Incremental Principal Component Analysis.\n",
      " |  \n",
      " |  References\n",
      " |  ----------\n",
      " |  For n_components == 'mle', this class uses the method from:\n",
      " |  `Minka, T. P.. \"Automatic choice of dimensionality for PCA\".\n",
      " |  In NIPS, pp. 598-604 <https://tminka.github.io/papers/pca/minka-pca.pdf>`_\n",
      " |  \n",
      " |  Implements the probabilistic PCA model from:\n",
      " |  `Tipping, M. E., and Bishop, C. M. (1999). \"Probabilistic principal\n",
      " |  component analysis\". Journal of the Royal Statistical Society:\n",
      " |  Series B (Statistical Methodology), 61(3), 611-622.\n",
      " |  <http://www.miketipping.com/papers/met-mppca.pdf>`_\n",
      " |  via the score and score_samples methods.\n",
      " |  \n",
      " |  For svd_solver == 'arpack', refer to `scipy.sparse.linalg.svds`.\n",
      " |  \n",
      " |  For svd_solver == 'randomized', see:\n",
      " |  `Halko, N., Martinsson, P. G., and Tropp, J. A. (2011).\n",
      " |  \"Finding structure with randomness: Probabilistic algorithms for\n",
      " |  constructing approximate matrix decompositions\".\n",
      " |  SIAM review, 53(2), 217-288.\n",
      " |  <https://doi.org/10.1137/090771806>`_\n",
      " |  and also\n",
      " |  `Martinsson, P. G., Rokhlin, V., and Tygert, M. (2011).\n",
      " |  \"A randomized algorithm for the decomposition of matrices\".\n",
      " |  Applied and Computational Harmonic Analysis, 30(1), 47-68\n",
      " |  <https://doi.org/10.1016/j.acha.2010.02.003>`_.\n",
      " |  \n",
      " |  Examples\n",
      " |  --------\n",
      " |  >>> import numpy as np\n",
      " |  >>> from sklearn.decomposition import PCA\n",
      " |  >>> X = np.array([[-1, -1], [-2, -1], [-3, -2], [1, 1], [2, 1], [3, 2]])\n",
      " |  >>> pca = PCA(n_components=2)\n",
      " |  >>> pca.fit(X)\n",
      " |  PCA(n_components=2)\n",
      " |  >>> print(pca.explained_variance_ratio_)\n",
      " |  [0.9924... 0.0075...]\n",
      " |  >>> print(pca.singular_values_)\n",
      " |  [6.30061... 0.54980...]\n",
      " |  \n",
      " |  >>> pca = PCA(n_components=2, svd_solver='full')\n",
      " |  >>> pca.fit(X)\n",
      " |  PCA(n_components=2, svd_solver='full')\n",
      " |  >>> print(pca.explained_variance_ratio_)\n",
      " |  [0.9924... 0.00755...]\n",
      " |  >>> print(pca.singular_values_)\n",
      " |  [6.30061... 0.54980...]\n",
      " |  \n",
      " |  >>> pca = PCA(n_components=1, svd_solver='arpack')\n",
      " |  >>> pca.fit(X)\n",
      " |  PCA(n_components=1, svd_solver='arpack')\n",
      " |  >>> print(pca.explained_variance_ratio_)\n",
      " |  [0.99244...]\n",
      " |  >>> print(pca.singular_values_)\n",
      " |  [6.30061...]\n",
      " |  \n",
      " |  Method resolution order:\n",
      " |      PCA\n",
      " |      sklearn.decomposition._base._BasePCA\n",
      " |      sklearn.base.TransformerMixin\n",
      " |      sklearn.base.BaseEstimator\n",
      " |      builtins.object\n",
      " |  \n",
      " |  Methods defined here:\n",
      " |  \n",
      " |  __init__(self, n_components=None, *, copy=True, whiten=False, svd_solver='auto', tol=0.0, iterated_power='auto', random_state=None)\n",
      " |      Initialize self.  See help(type(self)) for accurate signature.\n",
      " |  \n",
      " |  fit(self, X, y=None)\n",
      " |      Fit the model with X.\n",
      " |      \n",
      " |      Parameters\n",
      " |      ----------\n",
      " |      X : array-like of shape (n_samples, n_features)\n",
      " |          Training data, where `n_samples` is the number of samples\n",
      " |          and `n_features` is the number of features.\n",
      " |      \n",
      " |      y : Ignored\n",
      " |          Ignored.\n",
      " |      \n",
      " |      Returns\n",
      " |      -------\n",
      " |      self : object\n",
      " |          Returns the instance itself.\n",
      " |  \n",
      " |  fit_transform(self, X, y=None)\n",
      " |      Fit the model with X and apply the dimensionality reduction on X.\n",
      " |      \n",
      " |      Parameters\n",
      " |      ----------\n",
      " |      X : array-like of shape (n_samples, n_features)\n",
      " |          Training data, where `n_samples` is the number of samples\n",
      " |          and `n_features` is the number of features.\n",
      " |      \n",
      " |      y : Ignored\n",
      " |          Ignored.\n",
      " |      \n",
      " |      Returns\n",
      " |      -------\n",
      " |      X_new : ndarray of shape (n_samples, n_components)\n",
      " |          Transformed values.\n",
      " |      \n",
      " |      Notes\n",
      " |      -----\n",
      " |      This method returns a Fortran-ordered array. To convert it to a\n",
      " |      C-ordered array, use 'np.ascontiguousarray'.\n",
      " |  \n",
      " |  score(self, X, y=None)\n",
      " |      Return the average log-likelihood of all samples.\n",
      " |      \n",
      " |      See. \"Pattern Recognition and Machine Learning\"\n",
      " |      by C. Bishop, 12.2.1 p. 574\n",
      " |      or http://www.miketipping.com/papers/met-mppca.pdf\n",
      " |      \n",
      " |      Parameters\n",
      " |      ----------\n",
      " |      X : array-like of shape (n_samples, n_features)\n",
      " |          The data.\n",
      " |      \n",
      " |      y : Ignored\n",
      " |          Ignored.\n",
      " |      \n",
      " |      Returns\n",
      " |      -------\n",
      " |      ll : float\n",
      " |          Average log-likelihood of the samples under the current model.\n",
      " |  \n",
      " |  score_samples(self, X)\n",
      " |      Return the log-likelihood of each sample.\n",
      " |      \n",
      " |      See. \"Pattern Recognition and Machine Learning\"\n",
      " |      by C. Bishop, 12.2.1 p. 574\n",
      " |      or http://www.miketipping.com/papers/met-mppca.pdf\n",
      " |      \n",
      " |      Parameters\n",
      " |      ----------\n",
      " |      X : array-like of shape (n_samples, n_features)\n",
      " |          The data.\n",
      " |      \n",
      " |      Returns\n",
      " |      -------\n",
      " |      ll : ndarray of shape (n_samples,)\n",
      " |          Log-likelihood of each sample under the current model.\n",
      " |  \n",
      " |  ----------------------------------------------------------------------\n",
      " |  Data and other attributes defined here:\n",
      " |  \n",
      " |  __abstractmethods__ = frozenset()\n",
      " |  \n",
      " |  ----------------------------------------------------------------------\n",
      " |  Methods inherited from sklearn.decomposition._base._BasePCA:\n",
      " |  \n",
      " |  get_covariance(self)\n",
      " |      Compute data covariance with the generative model.\n",
      " |      \n",
      " |      ``cov = components_.T * S**2 * components_ + sigma2 * eye(n_features)``\n",
      " |      where S**2 contains the explained variances, and sigma2 contains the\n",
      " |      noise variances.\n",
      " |      \n",
      " |      Returns\n",
      " |      -------\n",
      " |      cov : array of shape=(n_features, n_features)\n",
      " |          Estimated covariance of data.\n",
      " |  \n",
      " |  get_precision(self)\n",
      " |      Compute data precision matrix with the generative model.\n",
      " |      \n",
      " |      Equals the inverse of the covariance but computed with\n",
      " |      the matrix inversion lemma for efficiency.\n",
      " |      \n",
      " |      Returns\n",
      " |      -------\n",
      " |      precision : array, shape=(n_features, n_features)\n",
      " |          Estimated precision of data.\n",
      " |  \n",
      " |  inverse_transform(self, X)\n",
      " |      Transform data back to its original space.\n",
      " |      \n",
      " |      In other words, return an input `X_original` whose transform would be X.\n",
      " |      \n",
      " |      Parameters\n",
      " |      ----------\n",
      " |      X : array-like of shape (n_samples, n_components)\n",
      " |          New data, where `n_samples` is the number of samples\n",
      " |          and `n_components` is the number of components.\n",
      " |      \n",
      " |      Returns\n",
      " |      -------\n",
      " |      X_original array-like of shape (n_samples, n_features)\n",
      " |          Original data, where `n_samples` is the number of samples\n",
      " |          and `n_features` is the number of features.\n",
      " |      \n",
      " |      Notes\n",
      " |      -----\n",
      " |      If whitening is enabled, inverse_transform will compute the\n",
      " |      exact inverse operation, which includes reversing whitening.\n",
      " |  \n",
      " |  transform(self, X)\n",
      " |      Apply dimensionality reduction to X.\n",
      " |      \n",
      " |      X is projected on the first principal components previously extracted\n",
      " |      from a training set.\n",
      " |      \n",
      " |      Parameters\n",
      " |      ----------\n",
      " |      X : array-like of shape (n_samples, n_features)\n",
      " |          New data, where `n_samples` is the number of samples\n",
      " |          and `n_features` is the number of features.\n",
      " |      \n",
      " |      Returns\n",
      " |      -------\n",
      " |      X_new : array-like of shape (n_samples, n_components)\n",
      " |          Projection of X in the first principal components, where `n_samples`\n",
      " |          is the number of samples and `n_components` is the number of the components.\n",
      " |  \n",
      " |  ----------------------------------------------------------------------\n",
      " |  Data descriptors inherited from sklearn.base.TransformerMixin:\n",
      " |  \n",
      " |  __dict__\n",
      " |      dictionary for instance variables (if defined)\n",
      " |  \n",
      " |  __weakref__\n",
      " |      list of weak references to the object (if defined)\n",
      " |  \n",
      " |  ----------------------------------------------------------------------\n",
      " |  Methods inherited from sklearn.base.BaseEstimator:\n",
      " |  \n",
      " |  __getstate__(self)\n",
      " |  \n",
      " |  __repr__(self, N_CHAR_MAX=700)\n",
      " |      Return repr(self).\n",
      " |  \n",
      " |  __setstate__(self, state)\n",
      " |  \n",
      " |  get_params(self, deep=True)\n",
      " |      Get parameters for this estimator.\n",
      " |      \n",
      " |      Parameters\n",
      " |      ----------\n",
      " |      deep : bool, default=True\n",
      " |          If True, will return the parameters for this estimator and\n",
      " |          contained subobjects that are estimators.\n",
      " |      \n",
      " |      Returns\n",
      " |      -------\n",
      " |      params : dict\n",
      " |          Parameter names mapped to their values.\n",
      " |  \n",
      " |  set_params(self, **params)\n",
      " |      Set the parameters of this estimator.\n",
      " |      \n",
      " |      The method works on simple estimators as well as on nested objects\n",
      " |      (such as :class:`~sklearn.pipeline.Pipeline`). The latter have\n",
      " |      parameters of the form ``<component>__<parameter>`` so that it's\n",
      " |      possible to update each component of a nested object.\n",
      " |      \n",
      " |      Parameters\n",
      " |      ----------\n",
      " |      **params : dict\n",
      " |          Estimator parameters.\n",
      " |      \n",
      " |      Returns\n",
      " |      -------\n",
      " |      self : estimator instance\n",
      " |          Estimator instance.\n",
      "\n"
     ]
    }
   ],
   "source": [
    "help(PCA)"
   ]
  },
  {
   "cell_type": "code",
   "execution_count": 14,
   "id": "31143ccc",
   "metadata": {},
   "outputs": [],
   "source": [
    "pca_model = PCA(n_components=2)"
   ]
  },
  {
   "cell_type": "code",
   "execution_count": 26,
   "id": "61a0f6d2",
   "metadata": {},
   "outputs": [],
   "source": [
    "p_compts = pca_model.fit_transform(X_sclar)"
   ]
  },
  {
   "cell_type": "code",
   "execution_count": 25,
   "id": "03b8e53b",
   "metadata": {},
   "outputs": [
    {
     "data": {
      "text/plain": [
       "array([13.30499079,  5.7013746 ])"
      ]
     },
     "execution_count": 25,
     "metadata": {},
     "output_type": "execute_result"
    }
   ],
   "source": [
    "pca_model.explained_variance_"
   ]
  },
  {
   "cell_type": "code",
   "execution_count": 23,
   "id": "989b5052",
   "metadata": {},
   "outputs": [
    {
     "data": {
      "text/plain": [
       "array([0.44272026, 0.18971182])"
      ]
     },
     "execution_count": 23,
     "metadata": {},
     "output_type": "execute_result"
    }
   ],
   "source": [
    "pca_model.explained_variance_ratio_"
   ]
  },
  {
   "cell_type": "code",
   "execution_count": 19,
   "id": "ec3dd944",
   "metadata": {},
   "outputs": [
    {
     "data": {
      "text/plain": [
       "array([[ 1.30339149,  0.36723765,  0.9101011 ,  0.91133853,  0.1720027 ,\n",
       "         0.487748  ,  0.65560648,  0.78035589,  0.15424669, -0.27303781,\n",
       "         0.71311887, -0.06241504,  0.70825606,  0.76233913, -0.2126399 ,\n",
       "         0.19274351,  0.18932195,  0.35662708, -0.1080577 , -0.05773542,\n",
       "         0.91721359,  0.3516714 ,  0.91683402,  0.90774026,  0.14777339,\n",
       "         0.41555337,  0.52494977,  0.7192851 ,  0.17126094,  0.03073   ],\n",
       "       [ 0.36723765,  0.55233517,  0.37288341,  0.36915886,  0.1319764 ,\n",
       "         0.27230792,  0.32696925,  0.36033416,  0.12471167, -0.02995897,\n",
       "         0.30927747, -0.00517176,  0.3113383 ,  0.31992372, -0.04531459,\n",
       "         0.15444314,  0.14319176,  0.20432777, -0.0013415 ,  0.04860503,\n",
       "         0.37498299,  0.15430477,  0.38022397,  0.37063369,  0.11675063,\n",
       "         0.23584869,  0.27531017,  0.33858614,  0.11962962,  0.0892345 ],\n",
       "       [ 0.9101011 ,  0.37288341,  1.30865653,  0.91307312,  0.20634419,\n",
       "         0.52947746,  0.69037593,  0.80599007,  0.18851495, -0.22953141,\n",
       "         0.72562014, -0.0515543 ,  0.7229486 ,  0.76986137, -0.1907589 ,\n",
       "         0.23480337,  0.22598929,  0.38999058, -0.08509886, -0.01854127,\n",
       "         0.92083977,  0.35881139,  0.92340473,  0.91106894,  0.17911457,\n",
       "         0.45320633,  0.56016196,  0.7464355 ,  0.19902435,  0.07271008],\n",
       "       [ 0.91133853,  0.36915886,  0.91307312,  1.30841539,  0.17860101,\n",
       "         0.49645367,  0.66347511,  0.78689003,  0.16078802, -0.26589006,\n",
       "         0.71712607, -0.06061653,  0.71264521,  0.76557267, -0.20923089,\n",
       "         0.2007806 ,  0.19638114,  0.36350517, -0.10419684, -0.05083162,\n",
       "         0.92012888,  0.35382283,  0.92027774,  0.91057869,  0.15377253,\n",
       "         0.42334802,  0.53257557,  0.72594113,  0.17667482,  0.03835295],\n",
       "       [ 0.1720027 ,  0.1319764 ,  0.20634419,  0.17860101,  0.84082885,\n",
       "         0.59052018,  0.53511346,  0.44586684,  0.44235446,  0.48054413,\n",
       "         0.27493519,  0.12095399,  0.3006753 ,  0.22304715,  0.2286619 ,\n",
       "         0.5435252 ,  0.47752034,  0.46636861,  0.25981753,  0.46545811,\n",
       "         0.20256252,  0.14741071,  0.23821512,  0.19731586,  0.40572873,\n",
       "         0.52858909,  0.51789505,  0.45370068,  0.36638978,  0.51454718],\n",
       "       [ 0.487748  ,  0.27230792,  0.52947746,  0.49645367,  0.59052018,\n",
       "         1.25617224,  0.84677071,  0.77782731,  0.58027138,  0.49432137,\n",
       "         0.55124552,  0.12636987,  0.58073796,  0.50396452,  0.20967653,\n",
       "         0.71397903,  0.63344536,  0.67167702,  0.2794837 ,  0.54263605,\n",
       "         0.52712006,  0.28608608,  0.56993255,  0.51787737,  0.53417115,\n",
       "         0.76479233,  0.78569435,  0.76840301,  0.49405503,  0.62906062],\n",
       "       [ 0.65560648,  0.32696925,  0.69037593,  0.66347511,  0.53511346,\n",
       "         0.84677071,  1.2757691 ,  0.85912626,  0.52171133,  0.33176435,\n",
       "         0.65345856,  0.0868707 ,  0.67643594,  0.62816252,  0.11375039,\n",
       "         0.64274861,  0.57535286,  0.65350405,  0.20047849,  0.43160572,\n",
       "         0.69041245,  0.33400007,  0.72562822,  0.68014783,  0.48187396,\n",
       "         0.7467429 ,  0.79446403,  0.83433744,  0.45532036,  0.52755372],\n",
       "       [ 0.78035589,  0.36033416,  0.80599007,  0.78689003,  0.44586684,\n",
       "         0.77782731,  0.85912626,  1.2794201 ,  0.43019067,  0.14912394,\n",
       "         0.71315919,  0.04209136,  0.72819739,  0.71131231,  0.01121955,\n",
       "         0.53090431,  0.48086541,  0.59365804,  0.10920279,  0.29374532,\n",
       "         0.80840143,  0.36021513,  0.83382111,  0.79777858,  0.39912048,\n",
       "         0.68105569,  0.75235592,  0.8464437 ,  0.38773295,  0.39301299],\n",
       "       [ 0.15424669,  0.12471167,  0.18851495,  0.16078802,  0.44235446,\n",
       "         0.58027138,  0.52171133,  0.43019067,  0.83326006,  0.48510908,\n",
       "         0.26080123,  0.12198147,  0.28659781,  0.20804006,  0.23242746,\n",
       "         0.5390269 ,  0.47318335,  0.45882498,  0.26152352,  0.46589756,\n",
       "         0.18460173,  0.14042352,  0.22021012,  0.17954513,  0.40229584,\n",
       "         0.51982046,  0.5070346 ,  0.43918957,  0.3625613 ,  0.51321159],\n",
       "       [-0.27303781, -0.02995897, -0.22953141, -0.26589006,  0.48054413,\n",
       "         0.49432137,  0.33176435,  0.14912394,  0.48510908,  1.16112236,\n",
       "        -0.03417697,  0.18952526,  0.00157677, -0.12768779,  0.40976675,\n",
       "         0.59430753,  0.51126716,  0.40593566,  0.39296585,  0.6301113 ,\n",
       "        -0.23826378, -0.00164048, -0.1921979 , -0.23986052,  0.44151834,\n",
       "         0.45392257,  0.38067285,  0.19241322,  0.37814372,  0.64514289],\n",
       "       [ 0.71311887,  0.30927747,  0.72562014,  0.71712607,  0.27493519,\n",
       "         0.55124552,  0.65345856,  0.71315919,  0.26080123, -0.03417697,\n",
       "         1.00139721, -0.00405608,  0.61208508,  0.62479469, -0.07586853,\n",
       "         0.32276865,  0.29797311,  0.41475924,  0.01003284,  0.11586463,\n",
       "         0.72946597,  0.3032821 ,  0.74125403,  0.72086457,  0.24374583,\n",
       "         0.4782708 ,  0.55348316,  0.67180228,  0.24736209,  0.19621941],\n",
       "       [-0.06241504, -0.00517176, -0.0515543 , -0.06061653,  0.12095399,\n",
       "         0.12636987,  0.0868707 ,  0.04209136,  0.12198147,  0.18952526,\n",
       "        -0.00405608,  0.44140365,  0.00483253, -0.02707466,  0.10088711,\n",
       "         0.14946326,  0.12872667,  0.10349944,  0.09735147,  0.15682488,\n",
       "        -0.05368809,  0.00179496, -0.04219893, -0.05414579,  0.11106681,\n",
       "         0.11583953,  0.09825243,  0.05250747,  0.09540467,  0.16112912],\n",
       "       [ 0.70825606,  0.3113383 ,  0.7229486 ,  0.71264521,  0.3006753 ,\n",
       "         0.58073796,  0.67643594,  0.72819739,  0.28659781,  0.00157677,\n",
       "         0.61208508,  0.00483253,  1.01354905,  0.62579178, -0.05740425,\n",
       "         0.35440868,  0.3254202 ,  0.43855251,  0.02866978,  0.14686897,\n",
       "         0.72642598,  0.30661053,  0.74051794,  0.71765271,  0.26729603,\n",
       "         0.50503937,  0.57764337,  0.6884167 ,  0.26796544,  0.22883469],\n",
       "       [ 0.76233913,  0.31992372,  0.76986137,  0.76557267,  0.22304715,\n",
       "         0.50396452,  0.62816252,  0.71131231,  0.20804006, -0.12768779,\n",
       "         0.62479469, -0.02707466,  0.62579178,  1.04894297, -0.1271598 ,\n",
       "         0.25820494,  0.24289164,  0.37507116, -0.03727566,  0.04227204,\n",
       "         0.77485086,  0.3103666 ,  0.78133406,  0.76624731,  0.1958705 ,\n",
       "         0.43421987,  0.5200008 ,  0.66377977,  0.20723517,  0.12263293],\n",
       "       [-0.2126399 , -0.04531459, -0.1907589 , -0.20923089,  0.2286619 ,\n",
       "         0.20967653,  0.11375039,  0.01121955,  0.23242746,  0.40976675,\n",
       "        -0.07586853,  0.10088711, -0.05740425, -0.1271598 ,  0.61902556,\n",
       "         0.2844368 ,  0.24276159,  0.17579427,  0.2074267 ,  0.32310985,\n",
       "        -0.19575542, -0.02972745, -0.17244932, -0.19578371,  0.21093506,\n",
       "         0.19519752,  0.14919826,  0.03811006,  0.17698477,  0.32343496],\n",
       "       [ 0.19274351,  0.15444314,  0.23480337,  0.2007806 ,  0.5435252 ,\n",
       "         0.71397903,  0.64274861,  0.53090431,  0.5390269 ,  0.59430753,\n",
       "         0.32276865,  0.14946326,  0.35440868,  0.25820494,  0.2844368 ,\n",
       "         1.0567598 ,  0.58142517,  0.56443852,  0.32054109,  0.57154693,\n",
       "         0.2300279 ,  0.17366625,  0.27372632,  0.22378634,  0.49427197,\n",
       "         0.63951777,  0.62424136,  0.54171649,  0.44559742,  0.62994785],\n",
       "       [ 0.18932195,  0.14319176,  0.22598929,  0.19638114,  0.47752034,\n",
       "         0.63344536,  0.57535286,  0.48086541,  0.47318335,  0.51126716,\n",
       "         0.29797311,  0.12872667,  0.3254202 ,  0.24289164,  0.24276159,\n",
       "         0.58142517,  0.90545945,  0.50008967,  0.27667718,  0.49651511,\n",
       "         0.22199701,  0.15957016,  0.26005387,  0.21633669,  0.43404464,\n",
       "         0.56688031,  0.55615151,  0.48884446,  0.39219773,  0.54947347],\n",
       "       [ 0.35662708,  0.20432777,  0.38999058,  0.36350517,  0.46636861,\n",
       "         0.67167702,  0.65350405,  0.59365804,  0.45882498,  0.40593566,\n",
       "         0.41475924,  0.10349944,  0.43855251,  0.37507116,  0.17579427,\n",
       "         0.56443852,  0.50008967,  0.9189797 ,  0.22778543,  0.43659347,\n",
       "         0.38783816,  0.21593886,  0.42212857,  0.38079137,  0.42215775,\n",
       "         0.596817  ,  0.6094746 ,  0.58838871,  0.38916494,  0.50248937],\n",
       "       [-0.1080577 , -0.0013415 , -0.08509886, -0.10419684,  0.25981753,\n",
       "         0.2794837 ,  0.20047849,  0.10920279,  0.26152352,  0.39296585,\n",
       "         0.01003284,  0.09735147,  0.02866978, -0.03727566,  0.2074267 ,\n",
       "         0.32054109,  0.27667718,  0.22778543,  0.59720622,  0.32954993,\n",
       "        -0.0894178 ,  0.01295927, -0.06517422, -0.09063101,  0.238314  ,\n",
       "         0.25537176,  0.22109819,  0.12959859,  0.20586388,  0.34094294],\n",
       "       [-0.05773542,  0.04860503, -0.01854127, -0.05083162,  0.46545811,\n",
       "         0.54263605,  0.43160572,  0.29374532,  0.46589756,  0.6301113 ,\n",
       "         0.11586463,  0.15682488,  0.14686897,  0.04227204,  0.32310985,\n",
       "         0.57154693,  0.49651511,  0.43659347,  0.32954993,  0.94666892,\n",
       "        -0.02489686,  0.07075589,  0.01625858, -0.02827167,  0.42555021,\n",
       "         0.49164832,  0.44854999,  0.31995101,  0.37364757,  0.58377605],\n",
       "       [ 0.91721359,  0.37498299,  0.92083977,  0.92012888,  0.20256252,\n",
       "         0.52712006,  0.69041245,  0.80840143,  0.18460173, -0.23826378,\n",
       "         0.72946597, -0.05368809,  0.72642598,  0.77485086, -0.19575542,\n",
       "         0.2300279 ,  0.22199701,  0.38783816, -0.0894178 , -0.02489686,\n",
       "         1.32217446,  0.36056137,  0.9297776 ,  0.91785618,  0.17558942,\n",
       "         0.45088215,  0.55908297,  0.74812863,  0.19622561,  0.06664591],\n",
       "       [ 0.3516714 ,  0.15430477,  0.35881139,  0.35382283,  0.14741071,\n",
       "         0.28608608,  0.33400007,  0.36021513,  0.14042352, -0.00164048,\n",
       "         0.3032821 ,  0.00179496,  0.30661053,  0.3103666 , -0.02972745,\n",
       "         0.17366625,  0.15957016,  0.21593886,  0.01295927,  0.07075589,\n",
       "         0.36056137,  0.54638972,  0.3673958 ,  0.3562209 ,  0.13100077,\n",
       "         0.24871914,  0.28491227,  0.34037447,  0.13153252,  0.11130715],\n",
       "       [ 0.91683402,  0.38022397,  0.92340473,  0.92027774,  0.23821512,\n",
       "         0.56993255,  0.72562822,  0.83382111,  0.22021012, -0.1921979 ,\n",
       "         0.74125403, -0.04219893,  0.74051794,  0.78133406, -0.17244932,\n",
       "         0.27372632,  0.26005387,  0.42212857, -0.06517422,  0.01625858,\n",
       "         0.9297776 ,  0.3673958 ,  1.32949761,  0.91968118,  0.20814399,\n",
       "         0.48955726,  0.59500156,  0.77524808,  0.22499004,  0.11055728],\n",
       "       [ 0.90774026,  0.37063369,  0.91106894,  0.91057869,  0.19731586,\n",
       "         0.51787737,  0.68014783,  0.79777858,  0.17954513, -0.23986052,\n",
       "         0.72086457, -0.05414579,  0.71765271,  0.76624731, -0.19578371,\n",
       "         0.22378634,  0.21633669,  0.38079137, -0.09063101, -0.02827167,\n",
       "         0.91785618,  0.3562209 ,  0.91968118,  1.30269771,  0.1708958 ,\n",
       "         0.44279487,  0.55011753,  0.73798046,  0.19165266,  0.06207899],\n",
       "       [ 0.14777339,  0.11675063,  0.17911457,  0.15377253,  0.40572873,\n",
       "         0.53417115,  0.48187396,  0.39912048,  0.40229584,  0.44151834,\n",
       "         0.24374583,  0.11106681,  0.26729603,  0.1958705 ,  0.21093506,\n",
       "         0.49427197,  0.43404464,  0.42215775,  0.238314  ,  0.42555021,\n",
       "         0.17558942,  0.13100077,  0.20814399,  0.1708958 ,  0.76343879,\n",
       "         0.47836418,  0.46748544,  0.40689526,  0.33276691,  0.46946661],\n",
       "       [ 0.41555337,  0.23584869,  0.45320633,  0.42334802,  0.52858909,\n",
       "         0.76479233,  0.7467429 ,  0.68105569,  0.51982046,  0.45392257,\n",
       "         0.4782708 ,  0.11583953,  0.50503937,  0.43421987,  0.19519752,\n",
       "         0.63951777,  0.56688031,  0.596817  ,  0.25537176,  0.49164832,\n",
       "         0.45088215,  0.24871914,  0.48955726,  0.44279487,  0.47836418,\n",
       "         1.07381019,  0.69516911,  0.67422028,  0.44149011,  0.56727228],\n",
       "       [ 0.52494977,  0.27531017,  0.56016196,  0.53257557,  0.51789505,\n",
       "         0.78569435,  0.79446403,  0.75235592,  0.5070346 ,  0.38067285,\n",
       "         0.55348316,  0.09825243,  0.57764337,  0.5200008 ,  0.14919826,\n",
       "         0.62424136,  0.55615151,  0.6094746 ,  0.22109819,  0.44854999,\n",
       "         0.55908297,  0.28491227,  0.59500156,  0.55011753,  0.46748544,\n",
       "         0.69516911,  1.1211102 ,  0.73669829,  0.43676085,  0.53236749],\n",
       "       [ 0.7192851 ,  0.33858614,  0.7464355 ,  0.72594113,  0.45370068,\n",
       "         0.76840301,  0.83433744,  0.8464437 ,  0.43918957,  0.19241322,\n",
       "         0.67180228,  0.05250747,  0.6884167 ,  0.66377977,  0.03811006,\n",
       "         0.54171649,  0.48884446,  0.58838871,  0.12959859,  0.31995101,\n",
       "         0.74812863,  0.34037447,  0.77524808,  0.73798046,  0.40689526,\n",
       "         0.67422028,  0.73669829,  1.20751191,  0.39187754,  0.41479033],\n",
       "       [ 0.17126094,  0.11962962,  0.19902435,  0.17667482,  0.36638978,\n",
       "         0.49405503,  0.45532036,  0.38773295,  0.3625613 ,  0.37814372,\n",
       "         0.24736209,  0.09540467,  0.26796544,  0.20723517,  0.17698477,\n",
       "         0.44559742,  0.39219773,  0.38916494,  0.20586388,  0.37364757,\n",
       "         0.19622561,  0.13153252,  0.22499004,  0.19165266,  0.33276691,\n",
